../../../../../../../.git/annex/objects/XX/vP/MD5E-s2349493--87654b7eda4cafa9845183c2cd6beebc.tsv/MD5E-s2349493--87654b7eda4cafa9845183c2cd6beebc.tsv